Webots Project File version R2021a
perspectives: 000000ff00000000fd00000003000000000000000000000000fc0100000001fb0000001a0044006f00630075006d0065006e0074006100740069006f006e0000000000ffffffff0000006900ffffff000000010000029e0000030efc0200000001fb0000001400540065007800740045006400690074006f0072010000001a0000030e0000008700ffffff0000000300000780000000a6fc0100000002fb0000000e0043006f006e0073006f006c006501000000000000058a0000000000000000fb0000001a0043006f006e0073006f006c00650041006c006c0041006c006c0100000000000007800000006900ffffff000004e00000030e00000001000000020000000100000008fc00000000
simulationViewPerspectives: 000000ff00000001000000020000015a000003840100000002010000000100
sceneTreePerspectives: 000000ff0000000100000002000000c0000000fa0100000002010000000200
maximizedDockId: -1
centralWidgetVisible: 1
orthographicViewHeight: 1
textFiles: 0 "controllers/my_controller/my_controller.cpp"
consoles: Console:All:All
renderingDevicePerspectives: e-puck:camera;0;1;0.0266667;0.02213;934;495;148;39;0
